0.00559808
0.0213019
0.039391
0.0731292
0.110078
0.158131
0.207564
0.269735
0.317082
0.385693
0.437955
0.514782
0.564925
0.641557
0.697904
0.764084
0.807296
0.852159
0.870788
0.87691
0.866875
0.841179
0.813304
0.757045
0.711874
0.629438
0.558767
0.455349
0.380205
0.253567
0.170489
0.0358782
-0.046678
-0.188392
-0.256706
-0.387138
-0.438981
-0.555743
-0.60194
-0.687936
-0.713212
-0.773626
-0.765945
-0.79768
-0.772179
-0.767351
-0.726212
-0.677094
-0.623167
-0.535405
-0.46618
-0.360261
-0.276263
-0.153876
-0.0650359
0.0575183
0.149523
0.274256
0.365569
0.468773
0.553398
0.646868
0.710446
0.778337
0.827913
0.851748
0.872397
0.881945
0.866115
0.844768
0.811624
0.765114
0.704118
0.638162
0.545929
0.473408
0.365347
0.270718
0.158134
0.0452729
-0.0636488
-0.163571
-0.267691
-0.366456
-0.455521
-0.531037
-0.602233
-0.665116
-0.713718
-0.747171
-0.765041
-0.778333
-0.770413
-0.753906
-0.717611
-0.667211
-0.610133
-0.537696
-0.451262
-0.360487
-0.262464
-0.165638
-0.0571932
0.0510603
0.158985
0.256761
0.36467
0.463377
0.553053
0.633615
0.701945
0.773521
0.81448
0.857261
0.863263
0.876973
0.858834
0.84784
0.804472
0.757327
0.696145
0.631913
0.544989
0.4547
0.360044
0.253379
0.161809
0.0280039
-0.0582789
-0.182478
-0.260186
-0.372288
-0.44869
-0.540689
-0.602023
-0.673822
-0.703365
-0.760359
-0.766643
-0.793326
-0.771855
-0.764009
-0.72492
-0.682085
-0.614723
-0.554139
-0.471108
-0.384857
-0.275835
-0.180137
-0.06435
0.0422163
0.150738
0.261164
0.362119
0.462327
0.552617
0.634739
0.708626
0.765956
0.821697
0.846447
0.887366
0.866021
0.888368
0.834654
0.822315
0.747214
0.71977
0.610654
0.569883
0.439384
0.378681
0.245963
0.169118
0.0420518
-0.057138
-0.170015
-0.270508
-0.359518
-0.463226
-0.533169
-0.610597
-0.659105
-0.728941
-0.733985
-0.790476
-0.756837
-0.794357
-0.731161
-0.733497
-0.64737
-0.617689
-0.513613
-0.459844
-0.34579
-0.273496
-0.15103
-0.0603967
0.0556812
0.158585
0.265011
0.372767
0.463811
0.561548
0.640196
0.711658
0.763527
0.814618
0.839157
0.860207
0.869406
0.863599
0.848921
0.802916
0.771868
0.697912
0.642422
0.543526
0.470024
0.355797
0.26103
0.146974
0.0537003
-0.0640447
-0.155895
-0.269792
-0.364085
-0.457499
-0.541
-0.614199
-0.670532
-0.720425
-0.751938
-0.775419
-0.776891
-0.769353
-0.738073
-0.718479
-0.654445
-0.619391
-0.525754
-0.463535
-0.347262
-0.271369
-0.14912
-0.0622132
0.0609495
0.154763
0.274338
0.358676
0.474604
0.548442
0.641461
0.7091
0.768515
0.817502
0.849815
0.873128
0.878016
0.866425
0.85824
0.812599
0.770711
0.701777
0.642162
0.559815
0.461393
0.373625
0.254836
0.156268
0.0448274
-0.0573793
-0.162792
-0.267637
-0.367793
-0.449986
-0.54066
-0.600139
-0.66684
-0.710759
-0.75197
-0.773434
-0.78033
-0.780619
-0.751145
-0.71693
-0.675328
-0.609305
-0.548784
-0.450807
-0.371849
-0.272581
-0.176709
-0.0629581
0.0386032
0.151914
0.252382
0.365199
0.452084
0.557792
0.632277
0.702707
0.77203
0.813921
0.858077
0.860435
0.881949
0.862528
0.859607
0.807724
0.77648
0.703113
0.639272
0.549645
0.476462
0.357664
0.271215
0.150454
0.0514513
-0.0640306
-0.168378
-0.2731
-0.363156
-0.458161
-0.534369
-0.617848
-0.665364
-0.726423
-0.750656
-0.781978
-0.786645
-0.775989
-0.753581
-0.71973
-0.674279
-0.615979
-0.539277
-0.458325
-0.369921
-0.274206
-0.176602
-0.067761
0.0383135
0.149131
0.262409
0.354978
0.470839
0.534198
0.641243
0.690586
0.779285
0.804801
0.865493
0.859827
0.889654
0.863735
0.86629
0.816905
0.787022
0.711109
0.652409
0.553872
0.476589
0.368365
0.272643
0.16413
0.0554785
-0.0530955
-0.16222
-0.267145
-0.353846
-0.451896
-0.533216
-0.608828
-0.674383
-0.715244
-0.751857
-0.772242
-0.786559
-0.768225
-0.755967
-0.71239
-0.675634
-0.610949
-0.545045
-0.451976
-0.376184
-0.260791
-0.173571
-0.0509819
0.0472252
0.1653
0.258416
0.376517
0.460209
0.556632
0.626458
0.708983
0.762654
0.821174
0.852345
0.877506
0.874791
0.87674
0.842989
0.818024
0.761207
0.699107
0.625764
0.553143
0.459852
0.376834
0.266753
0.158538
0.0439774
-0.0522531
-0.173963
-0.259909
-0.364589
-0.448108
-0.534201
-0.598159
-0.666925
-0.695222
-0.744649
-0.750414
-0.769103
-0.750802
-0.740742
-0.686565
-0.654339
-0.583872
-0.526541
-0.433043
-0.361101
-0.253088
-0.15352
-0.0492143
0.0554258
0.158706
0.271953
0.36798
0.462084
0.55178
0.637328
0.699357
0.771145
0.807802
0.862455
0.862754
0.890207
0.860864
0.863906
0.803397
0.790353
0.702232
0.657965
0.549745
0.492899
0.36176
0.289181
0.15038
0.0684808
-0.0613214
-0.150688
-0.270323
-0.353454
-0.454781
-0.530347
-0.603824
-0.667693
-0.715331
-0.758851
-0.774307
-0.794064
-0.779134
-0.761761
-0.715534
-0.671043
