-0.0062523
9.75354e-05
0.0254674
0.0416757
0.0974626
0.137336
0.178265
0.230823
0.270843
0.358008
0.384765
0.465099
0.510427
0.574135
0.634509
0.676664
0.750319
0.769473
0.799992
0.819746
0.795508
0.771449
0.741875
0.68307
0.642435
0.526922
0.48823
0.363305
0.291807
0.167413
0.0968518
-0.0290344
-0.128175
-0.240307
-0.31155
-0.473574
-0.507142
-0.653459
-0.658455
-0.773044
-0.776501
-0.833708
-0.820673
-0.849506
-0.798001
-0.822976
-0.748901
-0.74942
-0.632422
-0.630919
-0.506141
-0.455411
-0.312449
-0.240266
-0.105104
-0.0106079
0.141703
0.201151
0.334456
0.383026
0.523195
0.55259
0.676344
0.677109
0.785776
0.785772
0.840818
0.846648
0.81898
0.819174
0.768247
0.70469
0.643441
0.550527
0.510707
0.384881
0.299116
0.198278
0.0868087
0.00728774
-0.129573
-0.197829
-0.311297
-0.431067
-0.474141
-0.61674
-0.645442
-0.733113
-0.770497
-0.811022
-0.829256
-0.815315
-0.826514
-0.789723
-0.793322
-0.702948
-0.701455
-0.594986
-0.551353
-0.421916
-0.386905
-0.219578
-0.168574
-0.00500051
0.0674102
0.239215
0.282583
0.434628
0.473539
0.609259
0.645683
0.705111
0.766338
0.794892
0.792741
0.820682
0.825292
0.78411
0.782213
0.717005
0.670592
0.555911
0.517685
0.383519
0.337752
0.200364
0.131919
0.0164184
-0.0915548
-0.197931
-0.268671
-0.388448
-0.453554
-0.558528
-0.597215
-0.707762
-0.71375
-0.775139
-0.791832
-0.808225
-0.81302
-0.78296
-0.758229
-0.708892
-0.646043
-0.568441
-0.504206
-0.399721
-0.316367
-0.197993
-0.134064
0.013632
0.0943793
0.241175
0.299853
0.421176
0.517113
0.592583
0.68089
0.707648
0.789089
0.793668
0.837898
0.824491
0.803222
0.798437
0.771844
0.712155
0.681273
0.543437
0.559454
0.368165
0.37157
0.15864
0.15015
-0.0524651
-0.067205
-0.290666
-0.275831
-0.491202
-0.445647
-0.649762
-0.60228
-0.791471
-0.723967
-0.841991
-0.809936
-0.853924
-0.81749
-0.844914
-0.761863
-0.769669
-0.630164
-0.645504
-0.482117
-0.484968
-0.300047
-0.304858
-0.105576
-0.0779529
0.0936257
0.113789
0.3115
0.296127
0.506118
0.503875
0.645071
0.641945
0.726231
0.75069
0.788026
0.809069
0.787595
0.783028
0.75177
0.725838
0.638542
0.584316
0.48791
0.439549
0.271438
0.202047
0.0817003
-0.0181331
-0.140391
-0.25797
-0.366275
-0.469011
-0.559345
-0.632661
-0.711202
-0.787337
-0.794723
-0.860209
-0.851795
-0.896147
-0.845359
-0.843535
-0.790732
-0.74181
-0.671764
-0.60566
-0.509208
-0.42361
-0.315139
-0.233439
-0.109591
-0.0171906
0.0873386
0.196344
0.285533
0.38735
0.473965
0.567572
0.612512
0.69472
0.743567
0.785801
0.823464
0.791763
0.839807
0.788602
0.778127
0.707295
0.665425
0.568814
0.545728
0.399035
0.375901
0.191468
0.187631
-0.0343261
-0.0320679
-0.258188
-0.242053
-0.454837
-0.448615
-0.63104
-0.596738
-0.761951
-0.671019
-0.811241
-0.735185
-0.844125
-0.732694
-0.838541
-0.685934
-0.730394
-0.59213
-0.584009
-0.436041
-0.410349
-0.248387
-0.212971
-0.0358168
-0.00261211
0.171361
0.209351
0.378182
0.417721
0.55545
0.608038
0.705748
0.726414
0.823344
0.805617
0.869332
0.824156
0.861244
0.79082
0.796377
0.694323
0.677083
0.54556
0.505722
0.365245
0.318112
0.177202
0.125727
-0.0520101
-0.10374
-0.246924
-0.325533
-0.420228
-0.495941
-0.601217
-0.666136
-0.725254
-0.786302
-0.787989
-0.82623
-0.798866
-0.827089
-0.796822
-0.806624
-0.705485
-0.688709
-0.579773
-0.536853
-0.406434
-0.360518
-0.216475
-0.123931
0.0155007
0.105075
0.199816
0.322976
0.412231
0.492121
0.609514
0.643045
0.749527
0.757027
0.817548
0.808469
0.8291
0.823941
0.818672
0.758961
0.739378
0.649131
0.614741
0.477451
0.440539
0.310427
0.225885
0.107345
0.001839
-0.129878
-0.208004
-0.346826
-0.400384
-0.539582
-0.55251
-0.707236
-0.677068
-0.826188
-0.765709
-0.862591
-0.823024
-0.882391
-0.7773
-0.807669
-0.66899
-0.696785
-0.523096
-0.534942
-0.372756
-0.355046
-0.172925
-0.124255
0.0325486
0.0992201
0.250278
0.296733
0.477748
0.512208
0.643945
0.643826
0.743476
0.751321
0.797035
0.822261
0.85881
0.812607
0.830893
0.7578
0.727687
0.644102
0.616748
0.48113
0.419737
0.292427
0.188991
0.0835104
-0.0242367
-0.110096
-0.229929
-0.339223
-0.454186
-0.517956
-0.624289
-0.704461
-0.740354
-0.807976
-0.828707
-0.86036
-0.863781
-0.871429
-0.813817
-0.81495
-0.703261
-0.714285
-0.556113
-0.539504
-0.362062
-0.336314
-0.178647
-0.125252
0.0462525
0.0955052
0.252961
0.289635
0.456033
0.477997
0.613013
0.635564
0.729047
0.737992
0.796376
0.793559
0.827578
0.779697
0.804966
0.74234
0.712989
0.634234
0.56399
0.504731
0.420831
0.321738
0.244839
0.12939
0.0271031
-0.0872641
-0.18861
-0.316718
-0.412622
-0.48236
-0.60278
-0.649194
-0.748001
-0.744256
-0.820066
-0.810665
-0.873801
-0.814663
-0.851441
-0.760341
-0.77841
