0.244469
0.241563
0.55202
0.664024
0.76009
0.680354
0.772661
1.08494
1.133
1.17487
1.19825
1.02384
1.23966
1.26402
1.00789
1.23815
1.14016
0.844933
0.710207
0.769934
0.587765
0.526991
0.274702
0.398994
0.228208
0.091937
-0.232394
-0.167063
-0.492199
-0.343944
-0.561767
-0.541084
-0.806398
-0.801566
-0.748544
-0.987956
-0.806094
-0.708508
-0.670849
-0.779229
-0.648322
-0.58218
-0.530062
-0.467627
-0.332477
-0.163672
-0.119645
-0.00509322
0.270591
0.2728
0.545424
0.424812
0.786581
0.91125
1.0177
0.991915
1.07475
0.944672
1.06388
1.20797
1.28561
1.23474
1.11849
0.952889
0.915405
0.847074
0.739606
0.852047
0.52043
0.394031
0.330528
0.368659
0.222521
0.118227
-0.19578
-0.308868
-0.348464
-0.406549
-0.507858
-0.687454
-0.837766
-0.754253
-0.817898
-0.676604
-0.844113
-0.849049
-0.768751
-0.875497
-0.702837
-0.498224
-0.4422
-0.47619
-0.277804
-0.281439
-0.0972383
0.14105
0.154965
0.324606
0.457453
0.558078
0.705427
0.879104
0.804406
0.905074
1.06889
1.08422
1.15146
1.02962
1.04632
1.06
1.11
0.998462
1.10421
1.08546
0.780302
0.686604
0.618273
0.653054
0.385044
0.411987
0.249272
-0.0556227
-0.161014
-0.227442
-0.323852
-0.349376
-0.596517
-0.778468
-0.728788
-0.614656
-0.775646
-0.965008
-0.736661
-0.703865
-0.827769
-0.7739
-0.734335
-0.785888
-0.518951
-0.430748
-0.423978
-0.366679
-0.00622257
0.18368
0.308108
0.14009
0.33464
0.492837
0.779935
0.810807
0.782493
1.00633
1.14297
1.09707
1.01792
1.12831
1.11635
1.15403
1.11768
1.17747
1.0216
0.81916
0.987129
0.71145
0.813387
0.484635
0.511487
0.259375
0.109417
-0.00593045
0.0480439
-0.197244
-0.3594
-0.36553
-0.52369
-0.660873
-0.61323
-0.664642
-0.723292
-0.774942
-0.854945
-0.989652
-0.852672
-0.818103
-0.691041
-0.628107
-0.464462
-0.317429
-0.488399
-0.304511
-0.0301279
0.0366522
0.103979
0.323012
0.528686
0.483821
0.794437
0.815069
0.937094
0.880979
0.880701
1.1445
1.23899
1.14672
1.14763
1.1317
1.25368
1.00807
0.94929
1.00752
1.0078
0.837081
0.715955
0.480407
0.276687
0.205237
0.26297
0.129987
-0.209003
-0.108113
-0.477543
-0.330254
-0.581586
-0.666917
-0.71126
-0.844719
-0.738351
-0.85847
-0.714532
-0.850111
-0.745325
-0.623736
-0.820297
-0.615916
-0.567916
-0.415406
-0.498536
-0.271964
0.0187302
-0.045798
0.0086532
0.392545
0.571867
0.607291
0.543514
0.623449
1.00643
1.09984
1.14123
0.956787
1.23075
1.2891
1.31141
1.06556
1.07379
1.07383
1.01931
0.812567
0.990034
0.731282
0.660548
0.569983
0.365255
0.336803
0.0485094
0.115101
-0.175415
-0.33271
-0.459882
-0.564036
-0.572405
-0.744582
-0.559281
-0.792358
-0.692546
-0.957414
-0.853791
-0.734974
-0.941639
-0.818698
-0.576647
-0.50424
-0.620494
-0.324196
-0.452994
-0.188204
-0.140529
0.0697603
0.213693
0.215516
0.265398
0.440697
0.772289
0.721777
0.971398
0.797924
0.90844
0.955347
1.02047
1.07398
1.07619
1.18069
1.09723
0.990588
0.870565
0.881809
0.807846
0.75951
0.528699
0.50771
0.514749
0.132376
0.0979124
-0.104212
0.027596
-0.237765
-0.279206
-0.520284
-0.67813
-0.675094
-0.692558
-0.888323
-0.789652
-0.861917
-0.851428
-0.867108
-0.831827
-0.732893
-0.710222
-0.60471
-0.433587
-0.376765
-0.438339
-0.294087
0.0398861
-0.0643264
0.177052
0.213743
0.475767
0.588435
0.708243
0.765412
0.914708
1.09951
1.04899
1.10167
1.10077
1.07898
1.26627
1.15527
1.17172
1.04738
1.06541
0.85919
0.96014
0.640486
0.690173
0.453588
0.48153
0.160275
0.259547
0.0494768
0.0029263
-0.377703
-0.231401
-0.364539
-0.635927
-0.663929
-0.854814
-0.635752
-0.946978
-0.77199
-0.87145
-0.764897
-0.756543
-0.612365
-0.777917
-0.765352
-0.624289
-0.570615
-0.308175
-0.0940748
-0.0971676
-0.0555488
0.0382175
0.228983
0.365521
0.611074
0.669361
0.621946
0.965247
0.906034
1.05921
1.12754
1.08359
1.137
1.13165
1.18028
1.24091
1.06674
1.02677
1.08728
0.753198
0.898051
0.704251
0.638158
0.543395
0.422886
0.283477
-0.0793598
-0.24454
-0.223609
-0.476453
-0.432831
-0.473055
-0.731589
-0.591638
-0.899354
-0.67577
-0.863925
-0.96229
-0.759377
-0.725726
-0.692982
-0.746528
-0.751721
-0.646877
-0.357612
-0.269527
-0.363699
-0.181033
-0.0555417
0.312915
0.254404
0.306865
0.583622
0.563125
0.625156
0.884178
0.823727
0.933587
1.11523
1.15537
1.08255
1.05105
1.09872
1.1188
0.933091
0.997823
0.920154
0.843838
0.778269
0.542641
0.443387
0.342996
0.292665
0.102336
0.0138804
-0.161758
-0.366102
-0.336609
-0.433914
-0.615541
-0.633274
-0.5673
-0.784268
-0.921136
-0.945822
-0.843993
-0.769584
-0.889929
-0.700311
-0.769043
-0.527908
-0.39243
-0.460727
-0.443511
-0.231361
-0.101573
0.0577602
