0
0.0163158
0.0323524
0.0641512
0.0948524
0.140246
0.183241
0.239416
0.291494
0.3549
0.412235
0.478831
0.537235
0.602762
0.657975
0.718247
0.766229
0.8011
0.822265
0.82936
0.822265
0.8011
0.766229
0.718247
0.657975
0.586446
0.504882
0.41468
0.317382
0.214654
0.108253
1.80411e-16
-0.108253
-0.214654
-0.317382
-0.41468
-0.504882
-0.586446
-0.657975
-0.718247
-0.766229
-0.8011
-0.822265
-0.82936
-0.822265
-0.8011
-0.766229
-0.718247
-0.657975
-0.586446
-0.504882
-0.41468
-0.317382
-0.214654
-0.108253
-3.747e-16
0.108253
0.214654
0.317382
0.41468
0.504882
0.586446
0.657975
0.718247
0.766229
0.8011
0.822265
0.82936
0.822265
0.8011
0.766229
0.718247
0.657975
0.586446
0.504882
0.41468
0.317382
0.214654
0.108253
6.80012e-16
-0.108253
-0.214654
-0.317382
-0.41468
-0.504882
-0.586446
-0.657975
-0.718247
-0.766229
-0.8011
-0.822265
-0.82936
-0.822265
-0.8011
-0.766229
-0.718247
-0.657975
-0.586446
-0.504882
-0.41468
-0.317382
-0.214654
-0.108253
-1.44329e-15
0.108253
0.214654
0.317382
0.41468
0.504882
0.586446
0.657975
0.718247
0.766229
0.8011
0.822265
0.82936
0.822265
0.8011
0.766229
0.718247
0.657975
0.586446
0.504882
0.41468
0.317382
0.214654
0.108253
1.54043e-15
-0.108253
-0.214654
-0.317382
-0.41468
-0.504882
-0.586446
-0.657975
-0.718247
-0.766229
-0.8011
-0.822265
-0.82936
-0.822265
-0.8011
-0.766229
-0.718247
-0.657975
-0.586446
-0.504882
-0.41468
-0.317382
-0.214654
-0.108253
-2.09555e-15
0.108253
0.214654
0.317382
0.41468
0.504882
0.586446
0.657975
0.718247
0.766229
0.8011
0.822265
0.82936
0.822265
0.8011
0.766229
0.718247
0.657975
0.586446
0.504882
0.41468
0.317382
0.214654
0.108253
2.13718e-15
-0.108253
-0.214654
-0.317382
-0.41468
-0.504882
-0.586446
-0.657975
-0.718247
-0.766229
-0.8011
-0.822265
-0.82936
-0.822265
-0.8011
-0.766229
-0.718247
-0.657975
-0.586446
-0.504882
-0.41468
-0.317382
-0.214654
-0.108253
-8.32667e-16
0.108253
0.214654
0.317382
0.41468
0.504882
0.586446
0.657975
0.718247
0.766229
0.8011
0.822265
0.82936
0.822265
0.8011
0.766229
0.718247
0.657975
0.586446
0.504882
0.41468
0.317382
0.214654
0.108253
2.65066e-15
-0.108253
-0.214654
-0.317382
-0.41468
-0.504882
-0.586446
-0.657975
-0.718247
-0.766229
-0.8011
-0.822265
-0.82936
-0.822265
-0.8011
-0.766229
-0.718247
-0.657975
-0.586446
-0.504882
-0.41468
-0.317382
-0.214654
-0.108253
-2.66454e-15
0.108253
0.214654
0.317382
0.41468
0.504882
0.586446
0.657975
0.718247
0.766229
0.8011
0.822265
0.82936
0.822265
0.8011
0.766229
0.718247
0.657975
0.586446
0.504882
0.41468
0.317382
0.214654
0.108253
4.03844e-15
-0.108253
-0.214654
-0.317382
-0.41468
-0.504882
-0.586446
-0.657975
-0.718247
-0.766229
-0.8011
-0.822265
-0.82936
-0.822265
-0.8011
-0.766229
-0.718247
-0.657975
-0.586446
-0.504882
-0.41468
-0.317382
-0.214654
-0.108253
-4.19109e-15
0.108253
0.214654
0.317382
0.41468
0.504882
0.586446
0.657975
0.718247
0.766229
0.8011
0.822265
0.82936
0.822265
0.8011
0.766229
0.718247
0.657975
0.586446
0.504882
0.41468
0.317382
0.214654
0.108253
2.81719e-15
-0.108253
-0.214654
-0.317382
-0.41468
-0.504882
-0.586446
-0.657975
-0.718247
-0.766229
-0.8011
-0.822265
-0.82936
-0.822265
-0.8011
-0.766229
-0.718247
-0.657975
-0.586446
-0.504882
-0.41468
-0.317382
-0.214654
-0.108253
-2.84495e-15
0.108253
0.214654
0.317382
0.41468
0.504882
0.586446
0.657975
0.718247
0.766229
0.8011
0.822265
0.82936
0.822265
0.8011
0.766229
0.718247
0.657975
0.586446
0.504882
0.41468
0.317382
0.214654
0.108253
6.63358e-15
-0.108253
-0.214654
-0.317382
-0.41468
-0.504882
-0.586446
-0.657975
-0.718247
-0.766229
-0.8011
-0.822265
-0.82936
-0.822265
-0.8011
-0.766229
-0.718247
-0.657975
-0.586446
-0.504882
-0.41468
-0.317382
-0.214654
-0.108253
-2.16493e-15
0.108253
0.214654
0.317382
0.41468
0.504882
0.586446
0.657975
0.718247
0.766229
0.8011
0.822265
0.82936
0.822265
0.8011
0.766229
0.718247
0.657975
0.586446
0.504882
0.41468
0.317382
0.214654
0.108253
6.06459e-15
-0.108253
-0.214654
-0.317382
-0.41468
-0.504882
-0.586446
-0.657975
-0.718247
-0.766229
-0.8011
-0.822265
-0.82936
-0.822265
-0.8011
-0.766229
-0.718247
-0.657975
-0.586446
-0.504882
-0.41468
-0.317382
-0.214654
-0.108253
-2.33147e-15
0.108253
0.214654
0.317382
0.41468
0.504882
0.586446
0.657975
0.718247
0.766229
0.8011
0.822265
0.82936
0.822265
0.8011
0.766229
0.718247
0.657975
0.586446
0.504882
0.41468
0.317382
0.214654
0.108253
4.8711e-15
-0.108253
-0.214654
-0.317382
-0.41468
-0.504882
-0.586446
-0.657975
-0.718247
-0.766229
-0.8011
-0.822265
-0.82936
-0.822265
-0.8011
-0.766229
-0.718247
